image: /home/kyou/catkin_ws/src/waypoint/data/remap.pgm
resolution: 0.100000
origin: [-200.000000, -200.000000, 0.000000]
negate: 0
occupied_thresh: 0.65
free_thresh: 0.196

